	Tampa Bay Lightning	56,454,542	34,145,500	13,492,500	105,854,447
	Vegas Golden Knights	56,213,234	34,175,000	14,350,588	104,738,822
	Edmonton Oilers	54,294,936	30,792,116	10,342,500	98,846,219
	Montreal Canadiens	63,659,583	21,131,000	12,500,000	98,123,916
	New York Rangers	56,728,124	27,725,230	10,767,500	97,487,521
	Carolina Hurricanes	57,233,676	31,897,820	8,000,000	97,131,496
	New Jersey Devils	52,496,733	28,444,162	13,463,442	96,729,337
	Calgary Flames	55,350,196	30,474,532	9,550,000	95,374,728
	Florida Panthers	56,431,418	23,291,937	13,160,000	95,308,355
	Boston Bruins	52,215,452	33,399,961	8,515,000	94,130,413
	Dallas Stars	60,420,138	28,492,000	5,141,448	94,053,586
	Colorado Avalanche	45,482,436	37,478,717	6,670,000	89,631,153
	Pittsburgh Penguins	47,180,460	33,461,317	7,967,500	89,525,944
	Philadelphia Flyers	50,072,167	30,102,534	6,383,752	88,867,977
	Winnipeg Jets	47,096,572	33,687,500	7,742,500	88,526,572
	Seattle Kraken	57,601,514	22,606,618	8,000,000	88,208,132
	Vancouver Canucks	44,669,798	33,769,248	5,031,081	85,870,127
	New York Islanders	49,303,594	25,002,352	9,500,000	83,805,946
	Toronto Maple Leafs	47,191,358	26,296,650	9,625,000	83,113,008
	Nashville Predators	44,534,546	26,969,246	8,097,500	81,601,292
	Washington Capitals	59,728,580	12,313,888	8,872,500	80,914,968
	St Louis Blues	35,682,484	34,042,500	8,917,500	78,642,484
	San Jose Sharks	39,902,700	30,417,315	6,192,500	78,487,516
	Minnesota Wild	40,444,216	29,706,858	6,092,500	77,910,240
	Anaheim Ducks	44,108,473	21,263,432	9,360,500	77,394,905
	Los Angeles Kings	47,937,500	23,083,932	3,334,255	76,672,354
	Buffalo Sabres	47,671,230	17,118,502	9,193,725	75,632,267
	Ottawa Senators	46,302,487	17,198,868	6,300,000	73,259,688
	Columbus Blue Jackets	38,711,486	23,954,419	6,399,324	69,956,896
	Detroit Red Wings	38,228,149	17,292,500	7,750,675	64,826,880
	Chicago Blackhawks	29,823,439	22,395,500	5,801,340	60,870,280
	Arizona Coyotes	39,552,694	11,169,218	4,610,000	55,331,912